35
65
84
68
24
51
16
68
60
83
79
74
67
17
13
13
73
50
78
45
78
35
88
21
62
10
53
17
68
75
35
20
37
32
44
79
65
48
46
86
68
58
12
44
35
71
38
13
34
64
69
38
47
37
81
61
71
42
74
40
16
81
59
13
73
89
80
81
82
35
13
61
65
38
48
24
41
73
65
90
76
26
61
24
17
21
80
73
49
86
62
33
74
30
30
28
52
42
27
90
80
57
56
61
64
51
58
27
61
41
85
90
65
65
24
43
28
42
29
65
41
70
77
49
75
65
46
80
53
42
74
13
69
59
82
20
15
55
14
52
49
55
85
31
15
44
41
21
38
37
70
66
63
73
26
88
88
58
76
86
22
62
71
46
53
25
73
26
33
11
49
65
74
26
34
56
86
51
55
54
87
17
84
53
51
16
55
71
63
88
51
12
84
74
37
35
68
87
40
45
62
34
24
21
76
75
10
11
57
32
33
37
53
63
69
74
71
82
10
10
42
52
41
75
17
82
11
23
61
50
74
81
47
29
12
26
20
22
42
46
16
19
86
23
44
67
28
14
27
56
52
10
40
36
64
59
58
84
27
33
81
24
28
37
72
56
53
74
34
33
29
68
24
35
27
19
55
75
73
71
86
32
86
58
84
73
38
24