87
81
71
84
81
50
19
21
33
42
67
17
14
88
19
60
51
64
76
37
42
41
34
36
76
74
77
50
40
85
54
54
64
76
49
79
21
50
50
87
36
27
44
84
36
16
10
32
35
55
85
89
85
70
86
65
79
32
70
60
49
65
64
48
69
20
73
62
16
27
54
30
88
16
61
74
61
76
81
58
16
51
51
73
54
22
57
41
70
66
30
81
31
65
61
49
74
12
44
78
84
51
21
11
29
50
45
42
83
10
57
52
83
69
81
18
20
47
81
51
79
81
49
62
23
19
84
31
48
54
33
86
62
37
66
90
56
44
81
17
31
86
51
64
69
49
27
69
71
55
17
76
78
22
76
15
21
37
68
79
60
38
13
52
37
55
61
44
64
85
52
81
55
44
54
84
44
50
15
23
73
81
29
51
86
74
16
72
16
26
46
44
29
90
10
71
77
20
72
84
27
74
53
45
48
80
73
81
70
73
35
70
52
18
73
36
14
84
58
39
69
78
49
80
78
58
50
32
78
77
71
58
59
10
54
21
49
79
66
84
68
37
87
27
19
30
71
12
76
28
72
18
23
79
59
24
58
17
38
77
42
88
87
27
87
37
34
56
29
72
66
79
68
69
68
34
20
63
23
66
66
51
41
23
40
34
62
12