35
78
59
82
89
72
12
85
22
86
14
37
65
12
47
73
16
39
14
20
30
68
69
67
39
87
35
79
29
59
16
54
78
30
70
58
54
87
83
57
29
34
33
15
11
36
58
34
59
67
72
74
26
24
10
54
40
65
41
76
28
65
66
54
11
75
42
42
65
29
75
80
52
66
70
34
61
42
13
84
27
78
81
47
30
84
48
16
34
22
66
48
59
86
23
21
17
37
19
20
48
42
19
32
48
66
36
18
25
22
65
49
21
88
31
22
76
13
27
69
66
66
65
21
72
50
23
76
35
61
42
33
30
37
86
78
10
82
25
76
30
24
69
16
40
70
66
32
21
84
86
45
79
59
44
39
25
17
82
77
88
41
37
65
57
46
40
32
59
39
65
11
85
24
17
49
16
65
58
75
82
88
24
44
24
74
47
67
68
84
65
88
61
29
47
28
16
25
80
32
20
63
10
90
31
44
18
14
30
89
43
58
35
87
50
54
49
78
38
35
44
87
52
10
66
66
40
61
37
36
63
21
33
80
88
84
50
40
90
18
21
74
90
34
75
81
76
73
20
51
81
85
32
14
86
19
16
32
24
65
27
48
41
69
26
52
84
81
76
19
83
87
18
36
68
23
27
44
82
64
38
42
20
69
11
44
52
42