29
54
86
13
77
83
29
54
49
19
44
74
50
49
20
27
79
13
70
27
17
10
65
61
35
80
48
90
53
27
68
90
87
42
31
33
78
35
39
68
73
90
20
81
81
77
79
61
39
11
39
81
85
84
87
87
15
51
85
78
22
40
20
19
11
46
30
73
42
86
79
58
67
20
21
53
15
21
23
25
70
84
75
30
90
83
47
13
59
83
68
21
61
74
11
10
84
44
44
61
11
58
12
60
16
66
44
90
38
31
88
31
16
16
76
90
50
25
83
52
53
59
82
76
32
39
18
42
14
47
18
69
73
88
12
52
65
88
65
49
51
48
79
22
38
82
61
20
60
21
18
21
67
58
70
27
56
35
55
73
37
10
26
40
51
40
72
33
23
73
56
53
33
75
33
49
78
25
25
53
35
26
77
26
68
74
34
87
39
36
64
46
21
81
74
64
50
44
44
69
62
73
12
43
85
12
20
11
14
43
32
75
42
88
56
22
63
22
61
65
60
61
77
71
70
18
51
14
37
75
77
22
85
12
65
64
80
52
29
47
16
40
45
22
64
15
78
62
82
33
61
49
53
62
64
32
33
20
56
36
62
55
80
24
46
58
29
76
87
45
54
72
37
41
45
55
49
45
84
30
30
23
27
54
78
63
54
75